GRACE Technical Note 13

TITLE: 	
	Monthly estimates of degree-1 (geocenter) gravity coefficients, generated from 
	GRACE (04-2002 - 06/2017) and GRACE-FO (06/2018 onward) RL0603 solutions.
        Last reported data point: 16-Apr-2026.

UPDATE HISTORY:
        Created/updated 02-Jun-2026 21:11:24.

AUTHOR:	
	Felix Landerer, Jet Propulsion Laboratory (JPL)
	Contact: grace@jpl.nasa.gov

REFERENCES:
	Sun, Y., R. Riva, and P. Ditmar (2016), Optimizing estimates of annual variations and 
	trends in geocenter motion and J2 from a combination of GRACE data and geophysical 
	models, J. Geophys. Res. Solid Earth, 121, doi:10.1002/2016JB013073.

	Swenson, S., D. Chambers, and J. Wahr 2008  Estimating geocenter variations from a 
	combination of GRACE and ocean model output, J. Geophys. Res.,  113, B08410, 
	doi:10.1029/2007JB005338.
     
DESCRIPTION:
	This file contains estimates of degree-1 gravity coefficients for the GRACE Release-06 data, 
	based on ocean and atmospheric models and GRACE coefficients for degrees 2 and higher. 
	The original method was developed by [Swenson et al., 2008], and subsequently expanded by 
	[Sun et al., 2016] to include the effects of the barystatic sea level fingerprint (i.e., 
        solving the sea level equation using land mass changes as measured by GRACE) in the ocean mass
	contribution to degree-1. 

	The implementation for degree-1 coefficients below uses the optimal parameter values as 
	described in [Sun et al., 2016]. These coefficients represent the degree 1 gravity 
	coefficients that should be added to the GSM coefficients to correct for geocenter motion, 
	relative to the modeled atmosphere and ocean degree 1 coefficients (e.g., GAC and GAD). The 
	coefficients have been normalized using the GRACE standards. Prior to the inversion for 
	degree-1, GRACE-C20 has been replaced with the SLR-C20 (TN-14), and GIA has been corrected 
	with ICE6G-D.

	To use for land applications or to compute global ocean mass, use these coefficients along 
	with GRACE GSM coefficients for degrees 2 and higher, along with a Degree 1 Love number 
	(k1) = 0.021.

	For ocean applications, add the degree 1 values found in the ocean bottom pressure product 
	(GAD) to these values. If you are interested in the full ocean, land, atmosphere geocenter, 
	add the degree 1 values of the atmosphere/ocean product (GAC) to these values. 

SPECIAL NOTES:
	1) Reported values are derived from geopotential anomalies relative to GGM05C (epoch: 2008-01-01)
		NOTE: A previous version from 04/2019 had an inconsistent epoch removed - please update all 
		      data with the most recent version
	2) The 1-sigma errors are based on Tab.1 of [Sun et al., 2016]
	3) The native GRACE & GRACE-FO C20 coefficient has been replaced with SLR-C20 (TN-14v3)
	4) GIA has been corrected for subtracting the ICE6G-D (Peltier et al., 2018) prior to the 
	   degree-1 inversion 
	5) From 06/2019 on, C30 in GRACE-FO has been replaced with SLR-C30 (TN-14v3)

FORMAT:
	The data format is similar to that for GSM, GAD, and GAC files distributed by PODAAC, see 
	GRACE Level-2 handbook for more information.

# EGM Coefficient Record 2 
  variables:
    record_key:
      key_name              : GRCOF2 
      long_name             : Earth Gravity Spherical Harmonic Model Format Type
      coverage_content_type : referenceInformation
      data_type             : string
      comment               : 1st column
    degree_index:
      long_name             : spherical harmonic degree l
      coverage_content_type : referenceInformation
      data_type             : int32
      comment               : 2nd column
    order_index:
      long_name             : spherical harmonic order m
      coverage_content_type : referenceInformation
      data_type             : int32
      comment               : 3rd column
    clm:
      long_name             : Clm coefficient; cosine coefficient for degree l and order m
      data_type             : double precision
      comment               : 4th column
    slm:
      long_name             : Slm coefficient; sine coefficient for degree l and order m 
      data_type             : double precision
      comment               : 5th column
    clm_std_dev: 
      long_name             : standard deviation of Clm
      coverage_content_type : qualityInformation
      data_type             : double precision
      comment               : 6th column; 
    slm_std_dev: 
      long_name             : standard deviation of Slm
      coverage_content_type : qualityInformation
      data_type             : double precision
      comment               : 7th column; 
    epoch_begin_time: 
      long_name             : epoch begin of Clm, Slm coefficients
      time_format           : yyyymmdd.hhmm
      coverage_content_type : referenceInformation
      data_type             : string
      comment               : 8th column
    epoch_stop_time: 
      long_name             : epoch stop of Clm, Slm coefficients
      time_format           : yyyymmdd.hhmm
      coverage_content_type : referenceInformation
      data_type             : string
      comment               : 9th column
    solution_flags:
      long_name             : Comment when present
      coverage_content_type : referenceInformation
      data_type             : string
      comment               : 10th column

end of header ===============================================================================
GRCOF2    1   0 +4.839777801e-10 +0.000000000e+00 +4.4585e-11 +0.0000e+00 20020404.0000 20020501.0000
GRCOF2    1   1 +2.436978826e-10 -6.828071272e-11 +4.5296e-11 +5.0724e-11 20020404.0000 20020501.0000
GRCOF2    1   0 +4.612830972e-10 +0.000000000e+00 +4.4585e-11 +0.0000e+00 20020502.0000 20020519.0000
GRCOF2    1   1 +1.616338991e-10 -6.290595192e-11 +4.5296e-11 +5.0724e-11 20020502.0000 20020519.0000
GRCOF2    1   0 +2.333531528e-11 +0.000000000e+00 +4.4585e-11 +0.0000e+00 20020801.0000 20020901.0000
GRCOF2    1   1 -3.907271098e-11 +6.708369856e-11 +4.5296e-11 +5.0724e-11 20020801.0000 20020901.0000
GRCOF2    1   0 -6.660154320e-11 +0.000000000e+00 +4.4585e-11 +0.0000e+00 20020901.0000 20021001.0000
GRCOF2    1   1 -1.022928117e-10 +1.508618948e-10 +4.5296e-11 +5.0724e-11 20020901.0000 20021001.0000
GRCOF2    1   0 -4.473054626e-11 +0.000000000e+00 +4.4585e-11 +0.0000e+00 20021001.0000 20021101.0000
GRCOF2    1   1 -7.109280617e-11 +1.986466929e-10 +4.5296e-11 +5.0724e-11 20021001.0000 20021101.0000
GRCOF2    1   0 +1.349105423e-10 +0.000000000e+00 +4.4585e-11 +0.0000e+00 20021101.0000 20021201.0000
GRCOF2    1   1 -5.321506705e-11 +1.438743263e-10 +4.5296e-11 +5.0724e-11 20021101.0000 20021201.0000
GRCOF2    1   0 +1.002911709e-10 +0.000000000e+00 +4.4585e-11 +0.0000e+00 20021201.0000 20030101.0000
GRCOF2    1   1 -1.437321196e-11 +2.460073870e-11 +4.5296e-11 +5.0724e-11 20021201.0000 20030101.0000
GRCOF2    1   0 +3.029577566e-10 +0.000000000e+00 +4.4585e-11 +0.0000e+00 20030101.0000 20030201.0000
GRCOF2    1   1 +2.837906402e-11 +8.257030546e-11 +4.5296e-11 +5.0724e-11 20030101.0000 20030201.0000
GRCOF2    1   0 +2.736801335e-10 +0.000000000e+00 +4.4585e-11 +0.0000e+00 20030201.0000 20030301.0000
GRCOF2    1   1 +1.045771498e-10 +2.771141929e-11 +4.5296e-11 +5.0724e-11 20030201.0000 20030301.0000
GRCOF2    1   0 +3.414790616e-10 +0.000000000e+00 +4.4585e-11 +0.0000e+00 20030301.0000 20030401.0000
GRCOF2    1   1 +1.309291316e-10 -3.038508885e-11 +4.5296e-11 +5.0724e-11 20030301.0000 20030401.0000
GRCOF2    1   0 +3.140278344e-10 +0.000000000e+00 +4.4585e-11 +0.0000e+00 20030401.0000 20030501.0000
GRCOF2    1   1 +1.485538184e-10 -7.151951498e-11 +4.5296e-11 +5.0724e-11 20030401.0000 20030501.0000
GRCOF2    1   0 +3.137088195e-10 +0.000000000e+00 +4.4585e-11 +0.0000e+00 20030501.0000 20030522.0000
GRCOF2    1   1 +7.320647219e-11 -5.836054235e-11 +4.5296e-11 +5.0724e-11 20030501.0000 20030522.0000
GRCOF2    1   0 +3.010476953e-11 +0.000000000e+00 +4.4585e-11 +0.0000e+00 20030701.0000 20030801.0000
GRCOF2    1   1 +4.619296840e-11 -6.107035626e-12 +4.5296e-11 +5.0724e-11 20030701.0000 20030801.0000
GRCOF2    1   0 -6.751683159e-11 +0.000000000e+00 +4.4585e-11 +0.0000e+00 20030801.0000 20030901.0000
GRCOF2    1   1 -1.106246076e-11 +1.359860297e-10 +4.5296e-11 +5.0724e-11 20030801.0000 20030901.0000
GRCOF2    1   0 -1.175231059e-11 +0.000000000e+00 +4.4585e-11 +0.0000e+00 20030901.0000 20031001.0000
GRCOF2    1   1 -4.871550106e-11 +2.637992669e-10 +4.5296e-11 +5.0724e-11 20030901.0000 20031001.0000
GRCOF2    1   0 -4.735016137e-11 +0.000000000e+00 +4.4585e-11 +0.0000e+00 20031001.0000 20031031.0000
GRCOF2    1   1 -1.244291384e-10 +2.215619547e-10 +4.5296e-11 +5.0724e-11 20031001.0000 20031031.0000
GRCOF2    1   0 +9.361996119e-11 +0.000000000e+00 +4.4585e-11 +0.0000e+00 20031101.0000 20031201.0000
GRCOF2    1   1 -6.983013485e-11 +1.441106688e-10 +4.5296e-11 +5.0724e-11 20031101.0000 20031201.0000
GRCOF2    1   0 +2.260751188e-10 +0.000000000e+00 +4.4585e-11 +0.0000e+00 20031201.0000 20040101.0000
GRCOF2    1   1 +6.642110233e-12 +1.385626403e-10 +4.5296e-11 +5.0724e-11 20031201.0000 20040101.0000
GRCOF2    1   0 +3.578744430e-10 +0.000000000e+00 +4.4585e-11 +0.0000e+00 20040101.0000 20040114.0000
GRCOF2    1   1 +4.035865849e-11 +1.486397578e-10 +4.5296e-11 +5.0724e-11 20040101.0000 20040114.0000
GRCOF2    1   0 +3.858498917e-10 +0.000000000e+00 +4.4585e-11 +0.0000e+00 20040204.0000 20040301.0000
GRCOF2    1   1 +9.328508718e-11 +1.311280193e-10 +4.5296e-11 +5.0724e-11 20040204.0000 20040301.0000
GRCOF2    1   0 +3.348589884e-10 +0.000000000e+00 +4.4585e-11 +0.0000e+00 20040301.0000 20040401.0000
GRCOF2    1   1 +1.048689563e-10 +3.575801907e-11 +4.5296e-11 +5.0724e-11 20040301.0000 20040401.0000
GRCOF2    1   0 +4.352775687e-10 +0.000000000e+00 +4.4585e-11 +0.0000e+00 20040401.0000 20040501.0000
GRCOF2    1   1 +1.891990603e-10 -1.086816219e-11 +4.5296e-11 +5.0724e-11 20040401.0000 20040501.0000
GRCOF2    1   0 +3.647210758e-10 +0.000000000e+00 +4.4585e-11 +0.0000e+00 20040501.0000 20040601.0000
GRCOF2    1   1 +1.530782179e-10 -1.131196091e-10 +4.5296e-11 +5.0724e-11 20040501.0000 20040601.0000
GRCOF2    1   0 +2.894431422e-10 +0.000000000e+00 +4.4585e-11 +0.0000e+00 20040601.0000 20040701.0000
GRCOF2    1   1 +6.085616380e-11 -9.599527921e-11 +4.5296e-11 +5.0724e-11 20040601.0000 20040701.0000
GRCOF2    1   0 +1.456350454e-10 +0.000000000e+00 +4.4585e-11 +0.0000e+00 20040701.0000 20040801.0000
GRCOF2    1   1 +7.882783296e-11 +4.071190060e-11 +4.5296e-11 +5.0724e-11 20040701.0000 20040801.0000
GRCOF2    1   0 -3.854663171e-11 +0.000000000e+00 +4.4585e-11 +0.0000e+00 20040801.0000 20040901.0000
GRCOF2    1   1 -3.328748662e-11 +1.334955701e-10 +4.5296e-11 +5.0724e-11 20040801.0000 20040901.0000
GRCOF2    1   0 -3.633024786e-12 +0.000000000e+00 +4.4585e-11 +0.0000e+00 20040901.0000 20041001.0000
GRCOF2    1   1 -1.003414406e-10 +2.242148300e-10 +4.5296e-11 +5.0724e-11 20040901.0000 20041001.0000
GRCOF2    1   0 -5.589931247e-12 +0.000000000e+00 +4.4585e-11 +0.0000e+00 20041001.0000 20041101.0000
GRCOF2    1   1 -1.467451937e-10 +2.049003006e-10 +4.5296e-11 +5.0724e-11 20041001.0000 20041101.0000
GRCOF2    1   0 +1.527633361e-10 +0.000000000e+00 +4.4585e-11 +0.0000e+00 20041101.0000 20041201.0000
GRCOF2    1   1 -5.623800891e-11 +1.417241298e-10 +4.5296e-11 +5.0724e-11 20041101.0000 20041201.0000
GRCOF2    1   0 +3.048599240e-10 +0.000000000e+00 +4.4585e-11 +0.0000e+00 20041201.0000 20050101.0000
GRCOF2    1   1 -2.717344100e-11 +9.626459016e-11 +4.5296e-11 +5.0724e-11 20041201.0000 20050101.0000
GRCOF2    1   0 +3.367496037e-10 +0.000000000e+00 +4.4585e-11 +0.0000e+00 20050101.0000 20050201.0000
GRCOF2    1   1 -1.612349822e-11 +6.285133111e-12 +4.5296e-11 +5.0724e-11 20050101.0000 20050201.0000
GRCOF2    1   0 +4.633414807e-10 +0.000000000e+00 +4.4585e-11 +0.0000e+00 20050201.0000 20050301.0000
GRCOF2    1   1 +1.023229038e-10 -2.525872136e-12 +4.5296e-11 +5.0724e-11 20050201.0000 20050301.0000
GRCOF2    1   0 +5.105821288e-10 +0.000000000e+00 +4.4585e-11 +0.0000e+00 20050301.0000 20050401.0000
GRCOF2    1   1 +1.606746106e-10 -3.937539385e-11 +4.5296e-11 +5.0724e-11 20050301.0000 20050401.0000
GRCOF2    1   0 +4.682673682e-10 +0.000000000e+00 +4.4585e-11 +0.0000e+00 20050401.0000 20050501.0000
GRCOF2    1   1 +9.722908757e-11 -1.674594664e-10 +4.5296e-11 +5.0724e-11 20050401.0000 20050501.0000
GRCOF2    1   0 +5.208153938e-10 +0.000000000e+00 +4.4585e-11 +0.0000e+00 20050501.0000 20050601.0000
GRCOF2    1   1 +1.546989154e-10 -1.164064373e-10 +4.5296e-11 +5.0724e-11 20050501.0000 20050601.0000
GRCOF2    1   0 +2.613544409e-10 +0.000000000e+00 +4.4585e-11 +0.0000e+00 20050601.0000 20050701.0000
GRCOF2    1   1 +1.864391769e-11 -1.344047943e-10 +4.5296e-11 +5.0724e-11 20050601.0000 20050701.0000
GRCOF2    1   0 +4.257648268e-11 +0.000000000e+00 +4.4585e-11 +0.0000e+00 20050701.0000 20050801.0000
GRCOF2    1   1 -6.572744175e-11 -1.328423558e-11 +4.5296e-11 +5.0724e-11 20050701.0000 20050801.0000
GRCOF2    1   0 -2.230567011e-11 +0.000000000e+00 +4.4585e-11 +0.0000e+00 20050801.0000 20050901.0000
GRCOF2    1   1 -9.169041766e-11 +1.172895245e-10 +4.5296e-11 +5.0724e-11 20050801.0000 20050901.0000
GRCOF2    1   0 -5.332709374e-11 +0.000000000e+00 +4.4585e-11 +0.0000e+00 20050901.0000 20051001.0000
GRCOF2    1   1 -1.029464008e-10 +2.121512138e-10 +4.5296e-11 +5.0724e-11 20050901.0000 20051001.0000
GRCOF2    1   0 +2.669807085e-12 +0.000000000e+00 +4.4585e-11 +0.0000e+00 20051001.0000 20051101.0000
GRCOF2    1   1 -1.031417951e-10 +1.966915101e-10 +4.5296e-11 +5.0724e-11 20051001.0000 20051101.0000
GRCOF2    1   0 +6.625582312e-12 +0.000000000e+00 +4.4585e-11 +0.0000e+00 20051101.0000 20051201.0000
GRCOF2    1   1 -1.391643811e-10 +1.721043469e-10 +4.5296e-11 +5.0724e-11 20051101.0000 20051201.0000
GRCOF2    1   0 +1.335096257e-10 +0.000000000e+00 +4.4585e-11 +0.0000e+00 20051201.0000 20060101.0000
GRCOF2    1   1 -8.403146617e-11 +4.837404894e-11 +4.5296e-11 +5.0724e-11 20051201.0000 20060101.0000
GRCOF2    1   0 +1.908637347e-10 +0.000000000e+00 +4.4585e-11 +0.0000e+00 20060101.0000 20060201.0000
GRCOF2    1   1 +2.033392224e-12 -3.588200156e-11 +4.5296e-11 +5.0724e-11 20060101.0000 20060201.0000
GRCOF2    1   0 +2.569307152e-10 +0.000000000e+00 +4.4585e-11 +0.0000e+00 20060201.0000 20060301.0000
GRCOF2    1   1 +2.150251816e-11 -3.423308630e-11 +4.5296e-11 +5.0724e-11 20060201.0000 20060301.0000
GRCOF2    1   0 +3.094725999e-10 +0.000000000e+00 +4.4585e-11 +0.0000e+00 20060301.0000 20060401.0000
GRCOF2    1   1 +1.990314990e-10 -5.132316228e-11 +4.5296e-11 +5.0724e-11 20060301.0000 20060401.0000
GRCOF2    1   0 +3.083782394e-10 +0.000000000e+00 +4.4585e-11 +0.0000e+00 20060401.0000 20060501.0000
GRCOF2    1   1 +1.933538476e-10 -1.537151277e-10 +4.5296e-11 +5.0724e-11 20060401.0000 20060501.0000
GRCOF2    1   0 +2.102128676e-10 +0.000000000e+00 +4.4585e-11 +0.0000e+00 20060501.0000 20060601.0000
GRCOF2    1   1 +6.522303233e-11 -1.352738366e-10 +4.5296e-11 +5.0724e-11 20060501.0000 20060601.0000
GRCOF2    1   0 +1.549695225e-10 +0.000000000e+00 +4.4585e-11 +0.0000e+00 20060601.0000 20060701.0000
GRCOF2    1   1 +3.860493279e-11 -1.197167947e-10 +4.5296e-11 +5.0724e-11 20060601.0000 20060701.0000
GRCOF2    1   0 -7.477723452e-11 +0.000000000e+00 +4.4585e-11 +0.0000e+00 20060701.0000 20060801.0000
GRCOF2    1   1 -7.297911476e-11 -3.802994083e-11 +4.5296e-11 +5.0724e-11 20060701.0000 20060801.0000
GRCOF2    1   0 -1.653310350e-10 +0.000000000e+00 +4.4585e-11 +0.0000e+00 20060801.0000 20060901.0000
GRCOF2    1   1 -9.702753383e-11 +5.686475850e-11 +4.5296e-11 +5.0724e-11 20060801.0000 20060901.0000
GRCOF2    1   0 -1.909786369e-10 +0.000000000e+00 +4.4585e-11 +0.0000e+00 20060901.0000 20061001.0000
GRCOF2    1   1 -1.637128584e-10 +2.065505800e-10 +4.5296e-11 +5.0724e-11 20060901.0000 20061001.0000
GRCOF2    1   0 -1.583971225e-10 +0.000000000e+00 +4.4585e-11 +0.0000e+00 20061001.0000 20061101.0000
GRCOF2    1   1 -1.498135631e-10 +1.539598975e-10 +4.5296e-11 +5.0724e-11 20061001.0000 20061101.0000
GRCOF2    1   0 +1.329559721e-11 +0.000000000e+00 +4.4585e-11 +0.0000e+00 20061101.0000 20061201.0000
GRCOF2    1   1 -3.016378272e-11 +1.346615851e-10 +4.5296e-11 +5.0724e-11 20061101.0000 20061201.0000
GRCOF2    1   0 +9.214766925e-11 +0.000000000e+00 +4.4585e-11 +0.0000e+00 20061201.0000 20070101.0000
GRCOF2    1   1 +2.646599625e-11 +5.969349623e-11 +4.5296e-11 +5.0724e-11 20061201.0000 20070101.0000
GRCOF2    1   0 +1.922861030e-10 +0.000000000e+00 +4.4585e-11 +0.0000e+00 20070101.0000 20070201.0000
GRCOF2    1   1 +1.079624066e-10 +9.549268414e-12 +4.5296e-11 +5.0724e-11 20070101.0000 20070201.0000
GRCOF2    1   0 +2.282303344e-10 +0.000000000e+00 +4.4585e-11 +0.0000e+00 20070201.0000 20070301.0000
GRCOF2    1   1 +1.456721507e-10 +5.113848018e-12 +4.5296e-11 +5.0724e-11 20070201.0000 20070301.0000
GRCOF2    1   0 +2.674053501e-10 +0.000000000e+00 +4.4585e-11 +0.0000e+00 20070301.0000 20070401.0000
GRCOF2    1   1 +1.023777673e-10 +1.121839743e-11 +4.5296e-11 +5.0724e-11 20070301.0000 20070401.0000
GRCOF2    1   0 +2.650153802e-10 +0.000000000e+00 +4.4585e-11 +0.0000e+00 20070401.0000 20070501.0000
GRCOF2    1   1 +1.380442213e-10 -8.844516523e-11 +4.5296e-11 +5.0724e-11 20070401.0000 20070501.0000
GRCOF2    1   0 +2.211933637e-10 +0.000000000e+00 +4.4585e-11 +0.0000e+00 20070501.0000 20070601.0000
GRCOF2    1   1 +1.319090846e-10 -1.150089717e-10 +4.5296e-11 +5.0724e-11 20070501.0000 20070601.0000
GRCOF2    1   0 +7.503091197e-11 +0.000000000e+00 +4.4585e-11 +0.0000e+00 20070601.0000 20070701.0000
GRCOF2    1   1 +8.057490450e-11 -1.384279327e-10 +4.5296e-11 +5.0724e-11 20070601.0000 20070701.0000
GRCOF2    1   0 -8.516046764e-11 +0.000000000e+00 +4.4585e-11 +0.0000e+00 20070701.0000 20070801.0000
GRCOF2    1   1 -6.059448881e-11 +4.315243392e-11 +4.5296e-11 +5.0724e-11 20070701.0000 20070801.0000
GRCOF2    1   0 -1.632542387e-10 +0.000000000e+00 +4.4585e-11 +0.0000e+00 20070801.0000 20070901.0000
GRCOF2    1   1 -4.994716016e-11 +1.878430868e-10 +4.5296e-11 +5.0724e-11 20070801.0000 20070901.0000
GRCOF2    1   0 -2.038747701e-10 +0.000000000e+00 +4.4585e-11 +0.0000e+00 20070901.0000 20071001.0000
GRCOF2    1   1 -1.422690330e-10 +2.564399396e-10 +4.5296e-11 +5.0724e-11 20070901.0000 20071001.0000
GRCOF2    1   0 -2.056153324e-10 +0.000000000e+00 +4.4585e-11 +0.0000e+00 20071001.0000 20071101.0000
GRCOF2    1   1 -1.372073503e-10 +2.451716752e-10 +4.5296e-11 +5.0724e-11 20071001.0000 20071101.0000
GRCOF2    1   0 -1.616823239e-10 +0.000000000e+00 +4.4585e-11 +0.0000e+00 20071101.0000 20071201.0000
GRCOF2    1   1 -9.291648882e-11 +1.290682296e-10 +4.5296e-11 +5.0724e-11 20071101.0000 20071201.0000
GRCOF2    1   0 +1.652046736e-11 +0.000000000e+00 +4.4585e-11 +0.0000e+00 20071201.0000 20080101.0000
GRCOF2    1   1 -2.189854074e-11 +6.730075457e-11 +4.5296e-11 +5.0724e-11 20071201.0000 20080101.0000
GRCOF2    1   0 +9.943417929e-11 +0.000000000e+00 +4.4585e-11 +0.0000e+00 20080101.0000 20080201.0000
GRCOF2    1   1 -8.005915344e-12 +2.759061745e-11 +4.5296e-11 +5.0724e-11 20080101.0000 20080201.0000
GRCOF2    1   0 +1.575106390e-10 +0.000000000e+00 +4.4585e-11 +0.0000e+00 20080201.0000 20080301.0000
GRCOF2    1   1 +1.175521657e-10 +1.132634257e-11 +4.5296e-11 +5.0724e-11 20080201.0000 20080301.0000
GRCOF2    1   0 +2.669274255e-10 +0.000000000e+00 +4.4585e-11 +0.0000e+00 20080301.0000 20080401.0000
GRCOF2    1   1 +2.003250608e-10 -7.438407975e-11 +4.5296e-11 +5.0724e-11 20080301.0000 20080401.0000
GRCOF2    1   0 +2.888914062e-10 +0.000000000e+00 +4.4585e-11 +0.0000e+00 20080401.0000 20080501.0000
GRCOF2    1   1 +2.292200618e-10 -8.694081507e-11 +4.5296e-11 +5.0724e-11 20080401.0000 20080501.0000
GRCOF2    1   0 +1.798058590e-10 +0.000000000e+00 +4.4585e-11 +0.0000e+00 20080501.0000 20080601.0000
GRCOF2    1   1 +1.870286896e-10 -1.789505506e-10 +4.5296e-11 +5.0724e-11 20080501.0000 20080601.0000
GRCOF2    1   0 +1.236892230e-11 +0.000000000e+00 +4.4585e-11 +0.0000e+00 20080601.0000 20080701.0000
GRCOF2    1   1 +6.210406907e-11 -1.491596616e-10 +4.5296e-11 +5.0724e-11 20080601.0000 20080701.0000
GRCOF2    1   0 -1.043154450e-10 +0.000000000e+00 +4.4585e-11 +0.0000e+00 20080701.0000 20080801.0000
GRCOF2    1   1 -1.556496093e-11 -4.326159070e-11 +4.5296e-11 +5.0724e-11 20080701.0000 20080801.0000
GRCOF2    1   0 -1.829404080e-10 +0.000000000e+00 +4.4585e-11 +0.0000e+00 20080801.0000 20080901.0000
GRCOF2    1   1 -1.821915858e-11 +1.236348176e-10 +4.5296e-11 +5.0724e-11 20080801.0000 20080901.0000
GRCOF2    1   0 -2.473644790e-10 +0.000000000e+00 +4.4585e-11 +0.0000e+00 20080901.0000 20081001.0000
GRCOF2    1   1 -1.190486060e-10 +1.535845775e-10 +4.5296e-11 +5.0724e-11 20080901.0000 20081001.0000
GRCOF2    1   0 -1.783318746e-10 +0.000000000e+00 +4.4585e-11 +0.0000e+00 20081001.0000 20081101.0000
GRCOF2    1   1 -1.424382674e-10 +1.119520439e-10 +4.5296e-11 +5.0724e-11 20081001.0000 20081101.0000
GRCOF2    1   0 -1.807891806e-10 +0.000000000e+00 +4.4585e-11 +0.0000e+00 20081101.0000 20081201.0000
GRCOF2    1   1 -1.693796390e-10 +1.407455666e-10 +4.5296e-11 +5.0724e-11 20081101.0000 20081201.0000
GRCOF2    1   0 -4.007826662e-11 +0.000000000e+00 +4.4585e-11 +0.0000e+00 20081201.0000 20090101.0000
GRCOF2    1   1 -4.246396780e-11 +7.024731069e-11 +4.5296e-11 +5.0724e-11 20081201.0000 20090101.0000
GRCOF2    1   0 +9.301496116e-11 +0.000000000e+00 +4.4585e-11 +0.0000e+00 20090101.0000 20090201.0000
GRCOF2    1   1 +3.840737277e-11 -1.023465791e-12 +4.5296e-11 +5.0724e-11 20090101.0000 20090201.0000
GRCOF2    1   0 +8.531308054e-11 +0.000000000e+00 +4.4585e-11 +0.0000e+00 20090201.0000 20090301.0000
GRCOF2    1   1 +7.921116980e-11 -5.698357716e-11 +4.5296e-11 +5.0724e-11 20090201.0000 20090301.0000
GRCOF2    1   0 +1.566936856e-10 +0.000000000e+00 +4.4585e-11 +0.0000e+00 20090301.0000 20090401.0000
GRCOF2    1   1 +1.697499536e-10 -1.015634048e-10 +4.5296e-11 +5.0724e-11 20090301.0000 20090401.0000
GRCOF2    1   0 +1.701768581e-10 +0.000000000e+00 +4.4585e-11 +0.0000e+00 20090401.0000 20090501.0000
GRCOF2    1   1 +1.886164191e-10 -1.566375968e-10 +4.5296e-11 +5.0724e-11 20090401.0000 20090501.0000
GRCOF2    1   0 +1.842797013e-10 +0.000000000e+00 +4.4585e-11 +0.0000e+00 20090501.0000 20090601.0000
GRCOF2    1   1 +1.552527299e-10 -2.306734552e-10 +4.5296e-11 +5.0724e-11 20090501.0000 20090601.0000
GRCOF2    1   0 +2.376962280e-11 +0.000000000e+00 +4.4585e-11 +0.0000e+00 20090601.0000 20090701.0000
GRCOF2    1   1 +8.491370289e-11 -2.245711633e-10 +4.5296e-11 +5.0724e-11 20090601.0000 20090701.0000
GRCOF2    1   0 -1.649744090e-10 +0.000000000e+00 +4.4585e-11 +0.0000e+00 20090701.0000 20090801.0000
GRCOF2    1   1 +1.041875145e-11 -1.005472710e-10 +4.5296e-11 +5.0724e-11 20090701.0000 20090801.0000
GRCOF2    1   0 -2.915594298e-10 +0.000000000e+00 +4.4585e-11 +0.0000e+00 20090801.0000 20090901.0000
GRCOF2    1   1 -5.844190440e-11 +5.945670620e-11 +4.5296e-11 +5.0724e-11 20090801.0000 20090901.0000
GRCOF2    1   0 -3.286966840e-10 +0.000000000e+00 +4.4585e-11 +0.0000e+00 20090901.0000 20091001.0000
GRCOF2    1   1 -4.098695236e-11 +9.114205040e-11 +4.5296e-11 +5.0724e-11 20090901.0000 20091001.0000
GRCOF2    1   0 -3.408765495e-10 +0.000000000e+00 +4.4585e-11 +0.0000e+00 20091001.0000 20091101.0000
GRCOF2    1   1 -1.857149412e-10 +7.432654884e-11 +4.5296e-11 +5.0724e-11 20091001.0000 20091101.0000
GRCOF2    1   0 -2.957694601e-10 +0.000000000e+00 +4.4585e-11 +0.0000e+00 20091101.0000 20091201.0000
GRCOF2    1   1 -1.012086635e-10 +1.719856416e-11 +4.5296e-11 +5.0724e-11 20091101.0000 20091201.0000
GRCOF2    1   0 -1.194824153e-10 +0.000000000e+00 +4.4585e-11 +0.0000e+00 20091201.0000 20100101.0000
GRCOF2    1   1 -5.716528422e-11 -1.518472635e-11 +4.5296e-11 +5.0724e-11 20091201.0000 20100101.0000
GRCOF2    1   0 +5.636649908e-11 +0.000000000e+00 +4.4585e-11 +0.0000e+00 20100101.0000 20100201.0000
GRCOF2    1   1 +5.312683731e-11 -1.843220435e-11 +4.5296e-11 +5.0724e-11 20100101.0000 20100201.0000
GRCOF2    1   0 +2.355134350e-11 +0.000000000e+00 +4.4585e-11 +0.0000e+00 20100201.0000 20100301.0000
GRCOF2    1   1 +7.773406019e-11 -7.871455703e-11 +4.5296e-11 +5.0724e-11 20100201.0000 20100301.0000
GRCOF2    1   0 +1.687652419e-11 +0.000000000e+00 +4.4585e-11 +0.0000e+00 20100301.0000 20100401.0000
GRCOF2    1   1 +1.340159705e-10 -6.127962801e-11 +4.5296e-11 +5.0724e-11 20100301.0000 20100401.0000
GRCOF2    1   0 +3.436722661e-11 +0.000000000e+00 +4.4585e-11 +0.0000e+00 20100401.0000 20100501.0000
GRCOF2    1   1 +1.587180998e-10 -6.563733592e-11 +4.5296e-11 +5.0724e-11 20100401.0000 20100501.0000
GRCOF2    1   0 +1.137521380e-10 +0.000000000e+00 +4.4585e-11 +0.0000e+00 20100501.0000 20100601.0000
GRCOF2    1   1 +1.173417686e-10 -7.942504451e-11 +4.5296e-11 +5.0724e-11 20100501.0000 20100601.0000
GRCOF2    1   0 -1.009809378e-10 +0.000000000e+00 +4.4585e-11 +0.0000e+00 20100601.0000 20100701.0000
GRCOF2    1   1 -3.713684986e-11 -1.343192038e-10 +4.5296e-11 +5.0724e-11 20100601.0000 20100701.0000
GRCOF2    1   0 -2.054639289e-10 +0.000000000e+00 +4.4585e-11 +0.0000e+00 20100701.0000 20100801.0000
GRCOF2    1   1 -4.282017216e-11 -4.494217735e-11 +4.5296e-11 +5.0724e-11 20100701.0000 20100801.0000
GRCOF2    1   0 -3.397624097e-10 +0.000000000e+00 +4.4585e-11 +0.0000e+00 20100801.0000 20100901.0000
GRCOF2    1   1 -1.215445234e-10 +8.783088588e-11 +4.5296e-11 +5.0724e-11 20100801.0000 20100901.0000
GRCOF2    1   0 -3.868211234e-10 +0.000000000e+00 +4.4585e-11 +0.0000e+00 20100901.0000 20101001.0000
GRCOF2    1   1 -2.243397682e-10 +2.181837587e-10 +4.5296e-11 +5.0724e-11 20100901.0000 20101001.0000
GRCOF2    1   0 -3.565859134e-10 +0.000000000e+00 +4.4585e-11 +0.0000e+00 20101001.0000 20101101.0000
GRCOF2    1   1 -1.873948777e-10 +2.388594695e-10 +4.5296e-11 +5.0724e-11 20101001.0000 20101101.0000
GRCOF2    1   0 -2.592176664e-10 +0.000000000e+00 +4.4585e-11 +0.0000e+00 20101101.0000 20101201.0000
GRCOF2    1   1 -1.423118113e-10 +1.565568866e-10 +4.5296e-11 +5.0724e-11 20101101.0000 20101201.0000
GRCOF2    1   0 -1.165337150e-10 +0.000000000e+00 +4.4585e-11 +0.0000e+00 20101201.0000 20101228.0000
GRCOF2    1   1 -5.360547313e-11 +1.108789534e-10 +4.5296e-11 +5.0724e-11 20101201.0000 20101228.0000
GRCOF2    1   0 -1.166761600e-11 +0.000000000e+00 +4.4585e-11 +0.0000e+00 20110208.0000 20110301.0000
GRCOF2    1   1 +5.403281126e-11 +3.462626590e-11 +4.5296e-11 +5.0724e-11 20110208.0000 20110301.0000
GRCOF2    1   0 -4.422297146e-12 +0.000000000e+00 +4.4585e-11 +0.0000e+00 20110301.0000 20110401.0000
GRCOF2    1   1 +9.829535364e-11 -5.415245478e-11 +4.5296e-11 +5.0724e-11 20110301.0000 20110401.0000
GRCOF2    1   0 +5.417343103e-11 +0.000000000e+00 +4.4585e-11 +0.0000e+00 20110401.0000 20110501.0000
GRCOF2    1   1 +1.452182219e-10 -8.574500290e-11 +4.5296e-11 +5.0724e-11 20110401.0000 20110501.0000
GRCOF2    1   0 +6.933578051e-11 +0.000000000e+00 +4.4585e-11 +0.0000e+00 20110501.0000 20110601.0000
GRCOF2    1   1 +1.211631337e-10 -1.435136734e-10 +4.5296e-11 +5.0724e-11 20110501.0000 20110601.0000
GRCOF2    1   0 -3.756412770e-10 +0.000000000e+00 +4.4585e-11 +0.0000e+00 20110705.0000 20110801.0000
GRCOF2    1   1 -9.649563205e-11 -2.914396019e-11 +4.5296e-11 +5.0724e-11 20110705.0000 20110801.0000
GRCOF2    1   0 -4.130483225e-10 +0.000000000e+00 +4.4585e-11 +0.0000e+00 20110801.0000 20110901.0000
GRCOF2    1   1 -1.415111661e-10 +1.732530693e-10 +4.5296e-11 +5.0724e-11 20110801.0000 20110901.0000
GRCOF2    1   0 -4.627123412e-10 +0.000000000e+00 +4.4585e-11 +0.0000e+00 20110901.0000 20111001.0000
GRCOF2    1   1 -1.626555446e-10 +2.544999533e-10 +4.5296e-11 +5.0724e-11 20110901.0000 20111001.0000
GRCOF2    1   0 -4.865692708e-10 +0.000000000e+00 +4.4585e-11 +0.0000e+00 20111001.0000 20111101.0000
GRCOF2    1   1 -1.800569376e-10 +2.174070047e-10 +4.5296e-11 +5.0724e-11 20111001.0000 20111101.0000
GRCOF2    1   0 -4.623946778e-10 +0.000000000e+00 +4.4585e-11 +0.0000e+00 20111017.0000 20111117.0000
GRCOF2    1   1 -1.766628674e-10 +2.069618498e-10 +4.5296e-11 +5.0724e-11 20111017.0000 20111117.0000
GRCOF2    1   0 -2.097497061e-10 +0.000000000e+00 +4.4585e-11 +0.0000e+00 20111217.0000 20120116.0000
GRCOF2    1   1 -9.381431193e-11 +1.601397966e-10 +4.5296e-11 +5.0724e-11 20111217.0000 20120116.0000
GRCOF2    1   0 -1.995655866e-10 +0.000000000e+00 +4.4585e-11 +0.0000e+00 20120101.0000 20120201.0000
GRCOF2    1   1 -4.761520388e-11 +1.259598639e-10 +4.5296e-11 +5.0724e-11 20120101.0000 20120201.0000
GRCOF2    1   0 -1.698128529e-10 +0.000000000e+00 +4.4585e-11 +0.0000e+00 20120201.0000 20120301.0000
GRCOF2    1   1 -6.680952474e-12 -2.647958915e-11 +4.5296e-11 +5.0724e-11 20120201.0000 20120301.0000
GRCOF2    1   0 -8.626862601e-11 +0.000000000e+00 +4.4585e-11 +0.0000e+00 20120301.0000 20120401.0000
GRCOF2    1   1 +3.985124466e-11 -1.868876524e-11 +4.5296e-11 +5.0724e-11 20120301.0000 20120401.0000
GRCOF2    1   0 -5.919371966e-11 +0.000000000e+00 +4.4585e-11 +0.0000e+00 20120320.0000 20120420.0000
GRCOF2    1   1 -3.170113184e-12 -3.733877134e-11 +4.5296e-11 +5.0724e-11 20120320.0000 20120420.0000
GRCOF2    1   0 -2.872134431e-10 +0.000000000e+00 +4.4585e-11 +0.0000e+00 20120601.0000 20120701.0000
GRCOF2    1   1 -1.232008827e-10 -2.088328406e-10 +4.5296e-11 +5.0724e-11 20120601.0000 20120701.0000
GRCOF2    1   0 -4.516256446e-10 +0.000000000e+00 +4.4585e-11 +0.0000e+00 20120701.0000 20120801.0000
GRCOF2    1   1 -1.510971030e-10 +5.006112455e-11 +4.5296e-11 +5.0724e-11 20120701.0000 20120801.0000
GRCOF2    1   0 -5.864804140e-10 +0.000000000e+00 +4.4585e-11 +0.0000e+00 20120801.0000 20120901.0000
GRCOF2    1   1 -2.585555269e-10 +1.788987703e-10 +4.5296e-11 +5.0724e-11 20120801.0000 20120901.0000
GRCOF2    1   0 -6.259463463e-10 +0.000000000e+00 +4.4585e-11 +0.0000e+00 20120901.0000 20120925.0000
GRCOF2    1   1 -1.931100308e-10 +2.848330499e-10 +4.5296e-11 +5.0724e-11 20120901.0000 20120925.0000
GRCOF2    1   0 -4.056704277e-10 +0.000000000e+00 +4.4585e-11 +0.0000e+00 20121106.0000 20121201.0000
GRCOF2    1   1 -1.679580820e-10 +2.549860561e-10 +4.5296e-11 +5.0724e-11 20121106.0000 20121201.0000
GRCOF2    1   0 -4.335100540e-10 +0.000000000e+00 +4.4585e-11 +0.0000e+00 20121201.0000 20130101.0000
GRCOF2    1   1 -1.734243296e-10 +1.515467119e-10 +4.5296e-11 +5.0724e-11 20121201.0000 20130101.0000
GRCOF2    1   0 -3.107618715e-10 +0.000000000e+00 +4.4585e-11 +0.0000e+00 20130101.0000 20130201.0000
GRCOF2    1   1 -1.145095763e-10 +1.600671312e-10 +4.5296e-11 +5.0724e-11 20130101.0000 20130201.0000
GRCOF2    1   0 -2.483965294e-10 +0.000000000e+00 +4.4585e-11 +0.0000e+00 20130201.0000 20130227.0000
GRCOF2    1   1 -8.818557484e-11 +1.084861257e-10 +4.5296e-11 +5.0724e-11 20130201.0000 20130227.0000
GRCOF2    1   0 -1.380327078e-10 +0.000000000e+00 +4.4585e-11 +0.0000e+00 20130411.0000 20130501.0000
GRCOF2    1   1 +6.480045094e-11 -2.715966334e-11 +4.5296e-11 +5.0724e-11 20130411.0000 20130501.0000
GRCOF2    1   0 -1.293938406e-10 +0.000000000e+00 +4.4585e-11 +0.0000e+00 20130501.0000 20130601.0000
GRCOF2    1   1 +1.579876344e-11 -7.844070988e-11 +4.5296e-11 +5.0724e-11 20130501.0000 20130601.0000
GRCOF2    1   0 -2.260360929e-10 +0.000000000e+00 +4.4585e-11 +0.0000e+00 20130601.0000 20130701.0000
GRCOF2    1   1 -2.695870116e-11 -9.888332701e-11 +4.5296e-11 +5.0724e-11 20130601.0000 20130701.0000
GRCOF2    1   0 -5.231685176e-10 +0.000000000e+00 +4.4585e-11 +0.0000e+00 20130701.0000 20130801.0000
GRCOF2    1   1 -1.613712928e-10 +3.870734291e-11 +4.5296e-11 +5.0724e-11 20130701.0000 20130801.0000
GRCOF2    1   0 -5.000650124e-10 +0.000000000e+00 +4.4585e-11 +0.0000e+00 20131001.0000 20131101.0000
GRCOF2    1   1 -2.076184199e-10 +2.611475385e-10 +4.5296e-11 +5.0724e-11 20131001.0000 20131101.0000
GRCOF2    1   0 -4.358889936e-10 +0.000000000e+00 +4.4585e-11 +0.0000e+00 20131101.0000 20131201.0000
GRCOF2    1   1 -2.292491143e-10 +1.715625355e-10 +4.5296e-11 +5.0724e-11 20131101.0000 20131201.0000
GRCOF2    1   0 -2.902490458e-10 +0.000000000e+00 +4.4585e-11 +0.0000e+00 20131201.0000 20140101.0000
GRCOF2    1   1 -2.017146522e-10 +7.552354612e-11 +4.5296e-11 +5.0724e-11 20131201.0000 20140101.0000
GRCOF2    1   0 -1.151362892e-10 +0.000000000e+00 +4.4585e-11 +0.0000e+00 20140101.0000 20140118.0000
GRCOF2    1   1 -6.487913476e-11 +8.967905717e-11 +4.5296e-11 +5.0724e-11 20140101.0000 20140118.0000
GRCOF2    1   0 -1.218502550e-10 +0.000000000e+00 +4.4585e-11 +0.0000e+00 20140301.0000 20140401.0000
GRCOF2    1   1 +1.351254918e-10 +1.734143513e-12 +4.5296e-11 +5.0724e-11 20140301.0000 20140401.0000
GRCOF2    1   0 -1.776255799e-10 +0.000000000e+00 +4.4585e-11 +0.0000e+00 20140401.0000 20140501.0000
GRCOF2    1   1 +4.310696459e-11 -8.110951119e-11 +4.5296e-11 +5.0724e-11 20140401.0000 20140501.0000
GRCOF2    1   0 -1.641321458e-10 +0.000000000e+00 +4.4585e-11 +0.0000e+00 20140501.0000 20140601.0000
GRCOF2    1   1 +3.762748168e-11 -7.275698896e-11 +4.5296e-11 +5.0724e-11 20140501.0000 20140601.0000
GRCOF2    1   0 -3.068473782e-10 +0.000000000e+00 +4.4585e-11 +0.0000e+00 20140601.0000 20140625.0000
GRCOF2    1   1 -2.953595527e-12 -1.260149060e-10 +4.5296e-11 +5.0724e-11 20140601.0000 20140625.0000
GRCOF2    1   0 -5.721456104e-10 +0.000000000e+00 +4.4585e-11 +0.0000e+00 20140801.0000 20140901.0000
GRCOF2    1   1 -1.347149300e-10 +1.263750766e-10 +4.5296e-11 +5.0724e-11 20140801.0000 20140901.0000
GRCOF2    1   0 -6.762461911e-10 +0.000000000e+00 +4.4585e-11 +0.0000e+00 20140901.0000 20141001.0000
GRCOF2    1   1 -2.145252708e-10 +2.070582265e-10 +4.5296e-11 +5.0724e-11 20140901.0000 20141001.0000
GRCOF2    1   0 -5.338247891e-10 +0.000000000e+00 +4.4585e-11 +0.0000e+00 20141001.0000 20141101.0000
GRCOF2    1   1 -1.649417395e-10 +2.681787068e-10 +4.5296e-11 +5.0724e-11 20141001.0000 20141101.0000
GRCOF2    1   0 -4.199628254e-10 +0.000000000e+00 +4.4585e-11 +0.0000e+00 20141101.0000 20141203.0000
GRCOF2    1   1 -1.555129530e-10 +2.126148252e-10 +4.5296e-11 +5.0724e-11 20141101.0000 20141203.0000
GRCOF2    1   0 -3.830869133e-10 +0.000000000e+00 +4.4585e-11 +0.0000e+00 20150113.0000 20150201.0000
GRCOF2    1   1 -1.586181364e-10 +1.864099030e-10 +4.5296e-11 +5.0724e-11 20150113.0000 20150201.0000
GRCOF2    1   0 -2.391635786e-10 +0.000000000e+00 +4.4585e-11 +0.0000e+00 20150201.0000 20150301.0000
GRCOF2    1   1 -8.158905779e-11 +8.678944353e-11 +4.5296e-11 +5.0724e-11 20150201.0000 20150301.0000
GRCOF2    1   0 -1.675523086e-10 +0.000000000e+00 +4.4585e-11 +0.0000e+00 20150301.0000 20150401.0000
GRCOF2    1   1 -2.858063822e-11 -3.135015263e-11 +4.5296e-11 +5.0724e-11 20150301.0000 20150401.0000
GRCOF2    1   0 -1.767631127e-10 +0.000000000e+00 +4.4585e-11 +0.0000e+00 20150401.0000 20150501.0000
GRCOF2    1   1 +2.728204293e-11 -8.082366512e-11 +4.5296e-11 +5.0724e-11 20150401.0000 20150501.0000
GRCOF2    1   0 -2.201767070e-10 +0.000000000e+00 +4.4585e-11 +0.0000e+00 20150412.0000 20150512.0000
GRCOF2    1   1 +4.395585531e-11 -1.492655508e-10 +4.5296e-11 +5.0724e-11 20150412.0000 20150512.0000
GRCOF2    1   0 -5.121910780e-10 +0.000000000e+00 +4.4585e-11 +0.0000e+00 20150629.0000 20150801.0000
GRCOF2    1   1 -1.595016179e-10 -1.988275973e-11 +4.5296e-11 +5.0724e-11 20150629.0000 20150801.0000
GRCOF2    1   0 -5.818221716e-10 +0.000000000e+00 +4.4585e-11 +0.0000e+00 20150801.0000 20150901.0000
GRCOF2    1   1 -2.140735714e-10 +1.570029672e-10 +4.5296e-11 +5.0724e-11 20150801.0000 20150901.0000
GRCOF2    1   0 -6.639507720e-10 +0.000000000e+00 +4.4585e-11 +0.0000e+00 20150901.0000 20150928.0000
GRCOF2    1   1 -2.742574124e-10 +2.057645177e-10 +4.5296e-11 +5.0724e-11 20150901.0000 20150928.0000
GRCOF2    1   0 -3.589840831e-10 +0.000000000e+00 +4.4585e-11 +0.0000e+00 20151212.0000 20160104.0000
GRCOF2    1   1 -3.067244603e-10 +1.787799090e-10 +4.5296e-11 +5.0724e-11 20151212.0000 20160104.0000
GRCOF2    1   0 -3.269431912e-10 +0.000000000e+00 +4.4585e-11 +0.0000e+00 20160104.0000 20160129.0000
GRCOF2    1   1 -2.744842084e-10 +4.486426430e-11 +4.5296e-11 +5.0724e-11 20160104.0000 20160129.0000
GRCOF2    1   0 -2.888902080e-10 +0.000000000e+00 +4.4585e-11 +0.0000e+00 20160129.0000 20160301.0000
GRCOF2    1   1 -2.173803841e-10 +1.346863761e-10 +4.5296e-11 +5.0724e-11 20160129.0000 20160301.0000
GRCOF2    1   0 -2.897931066e-10 +0.000000000e+00 +4.4585e-11 +0.0000e+00 20160301.0000 20160401.0000
GRCOF2    1   1 -1.113402610e-10 -1.180846635e-11 +4.5296e-11 +5.0724e-11 20160301.0000 20160401.0000
GRCOF2    1   0 -2.141311972e-10 +0.000000000e+00 +4.4585e-11 +0.0000e+00 20160508.0000 20160601.0000
GRCOF2    1   1 -1.090297501e-10 -1.735775477e-11 +4.5296e-11 +5.0724e-11 20160508.0000 20160601.0000
GRCOF2    1   0 -3.357975322e-10 +0.000000000e+00 +4.4585e-11 +0.0000e+00 20160601.0000 20160701.0000
GRCOF2    1   1 -1.219267852e-10 +1.066066419e-11 +4.5296e-11 +5.0724e-11 20160601.0000 20160701.0000
GRCOF2    1   0 -5.925684367e-10 +0.000000000e+00 +4.4585e-11 +0.0000e+00 20160701.0000 20160730.0000
GRCOF2    1   1 -2.350945176e-10 +1.836247875e-10 +4.5296e-11 +5.0724e-11 20160701.0000 20160730.0000
GRCOF2    1   0 -7.576733289e-10 +0.000000000e+00 +4.4585e-11 +0.0000e+00 20160808.0000 20160904.0000
GRCOF2    1   1 -2.641010084e-10 +2.596410680e-10 +4.5296e-11 +5.0724e-11 20160808.0000 20160904.0000
GRCOF2    1   0 -5.106832783e-10 +0.000000000e+00 +4.4585e-11 +0.0000e+00 20161114.0000 20161211.0000
GRCOF2    1   1 -3.618533533e-10 +3.199998666e-10 +4.5296e-11 +5.0724e-11 20161114.0000 20161211.0000
GRCOF2    1   0 -4.349445061e-10 +0.000000000e+00 +4.4585e-11 +0.0000e+00 20161211.0000 20170107.0000
GRCOF2    1   1 -3.572732334e-10 +2.048754963e-10 +4.5296e-11 +5.0724e-11 20161211.0000 20170107.0000
GRCOF2    1   0 -2.187870644e-10 +0.000000000e+00 +4.4585e-11 +0.0000e+00 20170107.0000 20170204.0000
GRCOF2    1   1 -1.538524426e-10 +2.575548819e-10 +4.5296e-11 +5.0724e-11 20170107.0000 20170204.0000
GRCOF2    1   0 -2.117302143e-10 +0.000000000e+00 +4.4585e-11 +0.0000e+00 20170317.0000 20170415.0000
GRCOF2    1   1 -1.746268032e-11 +3.392813279e-11 +4.5296e-11 +5.0724e-11 20170317.0000 20170415.0000
GRCOF2    1   0 -3.144266838e-10 +0.000000000e+00 +4.4585e-11 +0.0000e+00 20170410.0000 20170509.0000
GRCOF2    1   1 -9.873838720e-11 -1.715147736e-10 +4.5296e-11 +5.0724e-11 20170410.0000 20170509.0000
GRCOF2    1   0 -3.152757679e-10 +0.000000000e+00 +4.4585e-11 +0.0000e+00 20170502.0000 20170523.0000
GRCOF2    1   1 -1.415095767e-10 -1.319162612e-10 +4.5296e-11 +5.0724e-11 20170502.0000 20170523.0000
GRCOF2    1   0 -3.796905512e-10 +0.000000000e+00 +4.4585e-11 +0.0000e+00 20170523.0000 20170630.0000
GRCOF2    1   1 -6.188999220e-11 -1.179793177e-10 +4.5296e-11 +5.0724e-11 20170523.0000 20170630.0000
GRCOF2    1   0 -3.728374726e-10 +0.000000000e+00 +4.4585e-11 +0.0000e+00 20180601.0000 20180701.0000
GRCOF2    1   1 -2.683166564e-11 -1.265597213e-11 +4.5296e-11 +5.0724e-11 20180601.0000 20180701.0000
GRCOF2    1   0 -5.549452447e-10 +0.000000000e+00 +4.4585e-11 +0.0000e+00 20180701.0000 20180719.0000
GRCOF2    1   1 -8.667418531e-11 +9.315858794e-11 +4.5296e-11 +5.0724e-11 20180701.0000 20180719.0000
GRCOF2    1   0 -6.320214951e-10 +0.000000000e+00 +4.4585e-11 +0.0000e+00 20181022.0000 20181110.0000
GRCOF2    1   1 -2.317784876e-10 +1.581254389e-10 +4.5296e-11 +5.0724e-11 20181022.0000 20181110.0000
GRCOF2    1   0 -5.989866227e-10 +0.000000000e+00 +4.4585e-11 +0.0000e+00 20181101.0000 20181201.0000
GRCOF2    1   1 -2.131118894e-10 +1.214316506e-10 +4.5296e-11 +5.0724e-11 20181101.0000 20181201.0000
GRCOF2    1   0 -4.338667233e-10 +0.000000000e+00 +4.4585e-11 +0.0000e+00 20181201.0000 20190101.0000
GRCOF2    1   1 -1.971015284e-10 +5.228150271e-11 +4.5296e-11 +5.0724e-11 20181201.0000 20190101.0000
GRCOF2    1   0 -3.932815997e-10 +0.000000000e+00 +4.4585e-11 +0.0000e+00 20190101.0000 20190201.0000
GRCOF2    1   1 -1.872148057e-10 +8.952861092e-12 +4.5296e-11 +5.0724e-11 20190101.0000 20190201.0000
GRCOF2    1   0 -3.002289902e-10 +0.000000000e+00 +4.4585e-11 +0.0000e+00 20190126.0000 20190305.0000
GRCOF2    1   1 -1.390338781e-10 -1.889811717e-12 +4.5296e-11 +5.0724e-11 20190126.0000 20190305.0000
GRCOF2    1   0 -3.361685532e-10 +0.000000000e+00 +4.4585e-11 +0.0000e+00 20190301.0000 20190401.0000
GRCOF2    1   1 -7.597775145e-11 -7.734406136e-11 +4.5296e-11 +5.0724e-11 20190301.0000 20190401.0000
GRCOF2    1   0 -2.874978346e-10 +0.000000000e+00 +4.4585e-11 +0.0000e+00 20190401.0000 20190501.0000
GRCOF2    1   1 -5.242472575e-11 -1.264311581e-10 +4.5296e-11 +5.0724e-11 20190401.0000 20190501.0000
GRCOF2    1   0 -3.277379883e-10 +0.000000000e+00 +4.4585e-11 +0.0000e+00 20190501.0000 20190601.0000
GRCOF2    1   1 -5.064789311e-11 -1.711843897e-10 +4.5296e-11 +5.0724e-11 20190501.0000 20190601.0000
GRCOF2    1   0 -5.275884805e-10 +0.000000000e+00 +4.4585e-11 +0.0000e+00 20190601.0000 20190701.0000
GRCOF2    1   1 -1.739445778e-10 -1.866980898e-10 +4.5296e-11 +5.0724e-11 20190601.0000 20190701.0000
GRCOF2    1   0 -7.926631820e-10 +0.000000000e+00 +4.4585e-11 +0.0000e+00 20190701.0000 20190801.0000
GRCOF2    1   1 -2.705663775e-10 -1.113795581e-10 +4.5296e-11 +5.0724e-11 20190701.0000 20190801.0000
GRCOF2    1   0 -8.113552594e-10 +0.000000000e+00 +4.4585e-11 +0.0000e+00 20190801.0000 20190901.0000
GRCOF2    1   1 -2.634678583e-10 +1.606098353e-12 +4.5296e-11 +5.0724e-11 20190801.0000 20190901.0000
GRCOF2    1   0 -8.055199746e-10 +0.000000000e+00 +4.4585e-11 +0.0000e+00 20190901.0000 20191001.0000
GRCOF2    1   1 -2.409114893e-10 +1.342857345e-10 +4.5296e-11 +5.0724e-11 20190901.0000 20191001.0000
GRCOF2    1   0 -7.504693174e-10 +0.000000000e+00 +4.4585e-11 +0.0000e+00 20191001.0000 20191101.0000
GRCOF2    1   1 -2.388623030e-10 +2.135584803e-10 +4.5296e-11 +5.0724e-11 20191001.0000 20191101.0000
GRCOF2    1   0 -6.325322280e-10 +0.000000000e+00 +4.4585e-11 +0.0000e+00 20191101.0000 20191201.0000
GRCOF2    1   1 -2.614400646e-10 +1.762099774e-10 +4.5296e-11 +5.0724e-11 20191101.0000 20191201.0000
GRCOF2    1   0 -4.666920004e-10 +0.000000000e+00 +4.4585e-11 +0.0000e+00 20191201.0000 20200101.0000
GRCOF2    1   1 -1.140627257e-10 +8.098626227e-11 +4.5296e-11 +5.0724e-11 20191201.0000 20200101.0000
GRCOF2    1   0 -3.280354187e-10 +0.000000000e+00 +4.4585e-11 +0.0000e+00 20200101.0000 20200201.0000
GRCOF2    1   1 -7.191159657e-11 +5.278431942e-11 +4.5296e-11 +5.0724e-11 20200101.0000 20200201.0000
GRCOF2    1   0 -2.686437013e-10 +0.000000000e+00 +4.4585e-11 +0.0000e+00 20200201.0000 20200301.0000
GRCOF2    1   1 +3.429233213e-11 +7.032882506e-11 +4.5296e-11 +5.0724e-11 20200201.0000 20200301.0000
GRCOF2    1   0 -3.110543925e-10 +0.000000000e+00 +4.4585e-11 +0.0000e+00 20200301.0000 20200401.0000
GRCOF2    1   1 +2.467316506e-12 +7.226203752e-11 +4.5296e-11 +5.0724e-11 20200301.0000 20200401.0000
GRCOF2    1   0 -2.626899484e-10 +0.000000000e+00 +4.4585e-11 +0.0000e+00 20200401.0000 20200501.0000
GRCOF2    1   1 +6.840100626e-11 +4.452167269e-11 +4.5296e-11 +5.0724e-11 20200401.0000 20200501.0000
GRCOF2    1   0 -2.796858644e-10 +0.000000000e+00 +4.4585e-11 +0.0000e+00 20200501.0000 20200601.0000
GRCOF2    1   1 +3.414280898e-11 +6.095214098e-12 +4.5296e-11 +5.0724e-11 20200501.0000 20200601.0000
GRCOF2    1   0 -5.593550863e-10 +0.000000000e+00 +4.4585e-11 +0.0000e+00 20200601.0000 20200701.0000
GRCOF2    1   1 -1.123311519e-10 -7.411061037e-11 +4.5296e-11 +5.0724e-11 20200601.0000 20200701.0000
GRCOF2    1   0 -7.424876508e-10 +0.000000000e+00 +4.4585e-11 +0.0000e+00 20200701.0000 20200801.0000
GRCOF2    1   1 -1.580014853e-10 +9.727961695e-13 +4.5296e-11 +5.0724e-11 20200701.0000 20200801.0000
GRCOF2    1   0 -7.928327027e-10 +0.000000000e+00 +4.4585e-11 +0.0000e+00 20200801.0000 20200901.0000
GRCOF2    1   1 -1.767321350e-10 +2.276717184e-10 +4.5296e-11 +5.0724e-11 20200801.0000 20200901.0000
GRCOF2    1   0 -7.641704459e-10 +0.000000000e+00 +4.4585e-11 +0.0000e+00 20200901.0000 20201001.0000
GRCOF2    1   1 -1.559092110e-10 +4.009767163e-10 +4.5296e-11 +5.0724e-11 20200901.0000 20201001.0000
GRCOF2    1   0 -7.312459298e-10 +0.000000000e+00 +4.4585e-11 +0.0000e+00 20201001.0000 20201101.0000
GRCOF2    1   1 -2.440334648e-10 +3.956503197e-10 +4.5296e-11 +5.0724e-11 20201001.0000 20201101.0000
GRCOF2    1   0 -6.811631350e-10 +0.000000000e+00 +4.4585e-11 +0.0000e+00 20201101.0000 20201201.0000
GRCOF2    1   1 -2.389965560e-10 +2.991332107e-10 +4.5296e-11 +5.0724e-11 20201101.0000 20201201.0000
GRCOF2    1   0 -6.099944316e-10 +0.000000000e+00 +4.4585e-11 +0.0000e+00 20201201.0000 20210101.0000
GRCOF2    1   1 -1.912930277e-10 +2.086601735e-10 +4.5296e-11 +5.0724e-11 20201201.0000 20210101.0000
GRCOF2    1   0 -4.733268431e-10 +0.000000000e+00 +4.4585e-11 +0.0000e+00 20210101.0000 20210201.0000
GRCOF2    1   1 -8.754971249e-11 +1.576529304e-10 +4.5296e-11 +5.0724e-11 20210101.0000 20210201.0000
GRCOF2    1   0 -4.591899035e-10 +0.000000000e+00 +4.4585e-11 +0.0000e+00 20210201.0000 20210301.0000
GRCOF2    1   1 +3.850862295e-12 +1.292221354e-10 +4.5296e-11 +5.0724e-11 20210201.0000 20210301.0000
GRCOF2    1   0 -3.937949321e-10 +0.000000000e+00 +4.4585e-11 +0.0000e+00 20210301.0000 20210401.0000
GRCOF2    1   1 +5.662465059e-11 +6.697747397e-11 +4.5296e-11 +5.0724e-11 20210301.0000 20210401.0000
GRCOF2    1   0 -4.402966919e-10 +0.000000000e+00 +4.4585e-11 +0.0000e+00 20210401.0000 20210501.0000
GRCOF2    1   1 +2.915650448e-11 +2.403509240e-11 +4.5296e-11 +5.0724e-11 20210401.0000 20210501.0000
GRCOF2    1   0 -5.035167815e-10 +0.000000000e+00 +4.4585e-11 +0.0000e+00 20210501.0000 20210601.0000
GRCOF2    1   1 +2.168671505e-12 -4.442850845e-11 +4.5296e-11 +5.0724e-11 20210501.0000 20210601.0000
GRCOF2    1   0 -6.106461102e-10 +0.000000000e+00 +4.4585e-11 +0.0000e+00 20210601.0000 20210701.0000
GRCOF2    1   1 -9.991808063e-11 -5.956448523e-11 +4.5296e-11 +5.0724e-11 20210601.0000 20210701.0000
GRCOF2    1   0 -7.335052604e-10 +0.000000000e+00 +4.4585e-11 +0.0000e+00 20210701.0000 20210801.0000
GRCOF2    1   1 -1.531724283e-10 +6.405958844e-11 +4.5296e-11 +5.0724e-11 20210701.0000 20210801.0000
GRCOF2    1   0 -8.789333314e-10 +0.000000000e+00 +4.4585e-11 +0.0000e+00 20210801.0000 20210901.0000
GRCOF2    1   1 -2.504128278e-10 +2.427442467e-10 +4.5296e-11 +5.0724e-11 20210801.0000 20210901.0000
GRCOF2    1   0 -8.462795295e-10 +0.000000000e+00 +4.4585e-11 +0.0000e+00 20210901.0000 20211001.0000
GRCOF2    1   1 -2.181331244e-10 +3.127277438e-10 +4.5296e-11 +5.0724e-11 20210901.0000 20211001.0000
GRCOF2    1   0 -9.429219336e-10 +0.000000000e+00 +4.4585e-11 +0.0000e+00 20211001.0000 20211101.0000
GRCOF2    1   1 -3.446528470e-10 +3.030372934e-10 +4.5296e-11 +5.0724e-11 20211001.0000 20211101.0000
GRCOF2    1   0 -7.552940676e-10 +0.000000000e+00 +4.4585e-11 +0.0000e+00 20211101.0000 20211201.0000
GRCOF2    1   1 -2.890512135e-10 +2.925128298e-10 +4.5296e-11 +5.0724e-11 20211101.0000 20211201.0000
GRCOF2    1   0 -6.930549565e-10 +0.000000000e+00 +4.4585e-11 +0.0000e+00 20211201.0000 20220101.0000
GRCOF2    1   1 -2.323844722e-10 +1.642482157e-10 +4.5296e-11 +5.0724e-11 20211201.0000 20220101.0000
GRCOF2    1   0 -5.472778350e-10 +0.000000000e+00 +4.4585e-11 +0.0000e+00 20220101.0000 20220201.0000
GRCOF2    1   1 -1.088032827e-10 +1.695697231e-10 +4.5296e-11 +5.0724e-11 20220101.0000 20220201.0000
GRCOF2    1   0 -5.323438761e-10 +0.000000000e+00 +4.4585e-11 +0.0000e+00 20220201.0000 20220301.0000
GRCOF2    1   1 -9.381544554e-11 +1.215464833e-10 +4.5296e-11 +5.0724e-11 20220201.0000 20220301.0000
GRCOF2    1   0 -4.636347951e-10 +0.000000000e+00 +4.4585e-11 +0.0000e+00 20220301.0000 20220401.0000
GRCOF2    1   1 +2.065962062e-12 +4.594762684e-11 +4.5296e-11 +5.0724e-11 20220301.0000 20220401.0000
GRCOF2    1   0 -4.680880971e-10 +0.000000000e+00 +4.4585e-11 +0.0000e+00 20220401.0000 20220501.0000
GRCOF2    1   1 +7.670330328e-11 -5.826470502e-11 +4.5296e-11 +5.0724e-11 20220401.0000 20220501.0000
GRCOF2    1   0 -5.423176363e-10 +0.000000000e+00 +4.4585e-11 +0.0000e+00 20220501.0000 20220601.0000
GRCOF2    1   1 -3.757727620e-12 -5.144547934e-11 +4.5296e-11 +5.0724e-11 20220501.0000 20220601.0000
GRCOF2    1   0 -7.675560171e-10 +0.000000000e+00 +4.4585e-11 +0.0000e+00 20220601.0000 20220701.0000
GRCOF2    1   1 -8.075751699e-11 -6.475880483e-11 +4.5296e-11 +5.0724e-11 20220601.0000 20220701.0000
GRCOF2    1   0 -9.003502296e-10 +0.000000000e+00 +4.4585e-11 +0.0000e+00 20220701.0000 20220801.0000
GRCOF2    1   1 -1.660750177e-10 +1.080831122e-10 +4.5296e-11 +5.0724e-11 20220701.0000 20220801.0000
GRCOF2    1   0 -9.868026398e-10 +0.000000000e+00 +4.4585e-11 +0.0000e+00 20220801.0000 20220901.0000
GRCOF2    1   1 -1.861218235e-10 +2.384837165e-10 +4.5296e-11 +5.0724e-11 20220801.0000 20220901.0000
GRCOF2    1   0 -1.059485563e-09 +0.000000000e+00 +4.4585e-11 +0.0000e+00 20220901.0000 20221001.0000
GRCOF2    1   1 -1.706381590e-10 +2.593031217e-10 +4.5296e-11 +5.0724e-11 20220901.0000 20221001.0000
GRCOF2    1   0 -1.001999904e-09 +0.000000000e+00 +4.4585e-11 +0.0000e+00 20221001.0000 20221101.0000
GRCOF2    1   1 -3.215872159e-10 +3.278280223e-10 +4.5296e-11 +5.0724e-11 20221001.0000 20221101.0000
GRCOF2    1   0 -9.801065912e-10 +0.000000000e+00 +4.4585e-11 +0.0000e+00 20221101.0000 20221201.0000
GRCOF2    1   1 -2.648515042e-10 +2.913132693e-10 +4.5296e-11 +5.0724e-11 20221101.0000 20221201.0000
GRCOF2    1   0 -8.485059855e-10 +0.000000000e+00 +4.4585e-11 +0.0000e+00 20221201.0000 20230101.0000
GRCOF2    1   1 -2.074157687e-10 +2.558592925e-10 +4.5296e-11 +5.0724e-11 20221201.0000 20230101.0000
GRCOF2    1   0 -6.868901924e-10 +0.000000000e+00 +4.4585e-11 +0.0000e+00 20230101.0000 20230201.0000
GRCOF2    1   1 -9.857603102e-11 +1.951806476e-10 +4.5296e-11 +5.0724e-11 20230101.0000 20230201.0000
GRCOF2    1   0 -5.731082224e-10 +0.000000000e+00 +4.4585e-11 +0.0000e+00 20230201.0000 20230301.0000
GRCOF2    1   1 +1.302953099e-11 +2.357195192e-10 +4.5296e-11 +5.0724e-11 20230201.0000 20230301.0000
GRCOF2    1   0 -6.087602096e-10 +0.000000000e+00 +4.4585e-11 +0.0000e+00 20230301.0000 20230401.0000
GRCOF2    1   1 +8.022637215e-11 +1.013713906e-10 +4.5296e-11 +5.0724e-11 20230301.0000 20230401.0000
GRCOF2    1   0 -6.526912725e-10 +0.000000000e+00 +4.4585e-11 +0.0000e+00 20230401.0000 20230501.0000
GRCOF2    1   1 +7.984356152e-11 +8.116311472e-11 +4.5296e-11 +5.0724e-11 20230401.0000 20230501.0000
GRCOF2    1   0 -6.383895716e-10 +0.000000000e+00 +4.4585e-11 +0.0000e+00 20230501.0000 20230601.0000
GRCOF2    1   1 +4.027802543e-11 +5.268525470e-11 +4.5296e-11 +5.0724e-11 20230501.0000 20230601.0000
GRCOF2    1   0 -8.509160548e-10 +0.000000000e+00 +4.4585e-11 +0.0000e+00 20230601.0000 20230701.0000
GRCOF2    1   1 -1.020544479e-10 +3.496881215e-11 +4.5296e-11 +5.0724e-11 20230601.0000 20230701.0000
GRCOF2    1   0 -9.893717093e-10 +0.000000000e+00 +4.4585e-11 +0.0000e+00 20230701.0000 20230801.0000
GRCOF2    1   1 -1.594017673e-10 +1.818797458e-10 +4.5296e-11 +5.0724e-11 20230701.0000 20230801.0000
GRCOF2    1   0 -1.109105672e-09 +0.000000000e+00 +4.4585e-11 +0.0000e+00 20230801.0000 20230901.0000
GRCOF2    1   1 -1.937697683e-10 +3.292884236e-10 +4.5296e-11 +5.0724e-11 20230801.0000 20230901.0000
GRCOF2    1   0 -1.151617358e-09 +0.000000000e+00 +4.4585e-11 +0.0000e+00 20230901.0000 20231001.0000
GRCOF2    1   1 -2.299445307e-10 +3.902149753e-10 +4.5296e-11 +5.0724e-11 20230901.0000 20231001.0000
GRCOF2    1   0 -1.138172127e-09 +0.000000000e+00 +4.4585e-11 +0.0000e+00 20231001.0000 20231101.0000
GRCOF2    1   1 -3.143207074e-10 +4.093949069e-10 +4.5296e-11 +5.0724e-11 20231001.0000 20231101.0000
GRCOF2    1   0 -1.038018052e-09 +0.000000000e+00 +4.4585e-11 +0.0000e+00 20231101.0000 20231201.0000
GRCOF2    1   1 -2.472489980e-10 +4.211982577e-10 +4.5296e-11 +5.0724e-11 20231101.0000 20231201.0000
GRCOF2    1   0 -9.044117624e-10 +0.000000000e+00 +4.4585e-11 +0.0000e+00 20231201.0000 20240101.0000
GRCOF2    1   1 -2.335347077e-10 +4.222097327e-10 +4.5296e-11 +5.0724e-11 20231201.0000 20240101.0000
GRCOF2    1   0 -7.605638133e-10 +0.000000000e+00 +4.4585e-11 +0.0000e+00 20240101.0000 20240201.0000
GRCOF2    1   1 -1.473899106e-10 +2.860384083e-10 +4.5296e-11 +5.0724e-11 20240101.0000 20240201.0000
GRCOF2    1   0 -6.165249310e-10 +0.000000000e+00 +4.4585e-11 +0.0000e+00 20240201.0000 20240301.0000
GRCOF2    1   1 -1.351522209e-10 +3.236287363e-10 +4.5296e-11 +5.0724e-11 20240201.0000 20240301.0000
GRCOF2    1   0 -6.474747430e-10 +0.000000000e+00 +4.4585e-11 +0.0000e+00 20240301.0000 20240401.0000
GRCOF2    1   1 -7.786929860e-11 +2.924374770e-10 +4.5296e-11 +5.0724e-11 20240301.0000 20240401.0000
GRCOF2    1   0 -7.654511064e-10 +0.000000000e+00 +4.4585e-11 +0.0000e+00 20240401.0000 20240501.0000
GRCOF2    1   1 -9.858476689e-11 +2.189030418e-10 +4.5296e-11 +5.0724e-11 20240401.0000 20240501.0000
GRCOF2    1   0 -6.460648355e-10 +0.000000000e+00 +4.4585e-11 +0.0000e+00 20240501.0000 20240601.0000
GRCOF2    1   1 -8.254795342e-11 +1.739888544e-10 +4.5296e-11 +5.0724e-11 20240501.0000 20240601.0000
GRCOF2    1   0 -7.320475958e-10 +0.000000000e+00 +4.4585e-11 +0.0000e+00 20240601.0000 20240701.0000
GRCOF2    1   1 -1.446762701e-10 +1.713482363e-10 +4.5296e-11 +5.0724e-11 20240601.0000 20240701.0000
GRCOF2    1   0 -9.215661730e-10 +0.000000000e+00 +4.4585e-11 +0.0000e+00 20240701.0000 20240801.0000
GRCOF2    1   1 -1.962284658e-10 +2.839413395e-10 +4.5296e-11 +5.0724e-11 20240701.0000 20240801.0000
GRCOF2    1   0 -1.003544727e-09 +0.000000000e+00 +4.4585e-11 +0.0000e+00 20240801.0000 20240901.0000
GRCOF2    1   1 -2.217972435e-10 +4.793566816e-10 +4.5296e-11 +5.0724e-11 20240801.0000 20240901.0000
GRCOF2    1   0 -1.040930126e-09 +0.000000000e+00 +4.4585e-11 +0.0000e+00 20240901.0000 20241001.0000
GRCOF2    1   1 -3.005893699e-10 +5.829960000e-10 +4.5296e-11 +5.0724e-11 20240901.0000 20241001.0000
GRCOF2    1   0 -1.009300720e-09 +0.000000000e+00 +4.4585e-11 +0.0000e+00 20241001.0000 20241101.0000
GRCOF2    1   1 -2.917526852e-10 +6.679284997e-10 +4.5296e-11 +5.0724e-11 20241001.0000 20241101.0000
GRCOF2    1   0 -9.293900086e-10 +0.000000000e+00 +4.4585e-11 +0.0000e+00 20241101.0000 20241201.0000
GRCOF2    1   1 -2.205856230e-10 +4.605621295e-10 +4.5296e-11 +5.0724e-11 20241101.0000 20241201.0000
GRCOF2    1   0 -8.175317319e-10 +0.000000000e+00 +4.4585e-11 +0.0000e+00 20241201.0000 20250101.0000
GRCOF2    1   1 -1.845694845e-10 +4.230229474e-10 +4.5296e-11 +5.0724e-11 20241201.0000 20250101.0000
GRCOF2    1   0 -7.783050719e-10 +0.000000000e+00 +4.4585e-11 +0.0000e+00 20250101.0000 20250201.0000
GRCOF2    1   1 -1.438303496e-10 +3.372825476e-10 +4.5296e-11 +5.0724e-11 20250101.0000 20250201.0000
GRCOF2    1   0 -7.510108909e-10 +0.000000000e+00 +4.4585e-11 +0.0000e+00 20250201.0000 20250301.0000
GRCOF2    1   1 -7.959243098e-11 +2.519750676e-10 +4.5296e-11 +5.0724e-11 20250201.0000 20250301.0000
GRCOF2    1   0 -8.061697426e-10 +0.000000000e+00 +4.4585e-11 +0.0000e+00 20250301.0000 20250401.0000
GRCOF2    1   1 -8.002404187e-11 +8.869720177e-11 +4.5296e-11 +5.0724e-11 20250301.0000 20250401.0000
GRCOF2    1   0 -7.137642094e-10 +0.000000000e+00 +4.4585e-11 +0.0000e+00 20250401.0000 20250501.0000
GRCOF2    1   1 -1.493045423e-11 +1.152478851e-10 +4.5296e-11 +5.0724e-11 20250401.0000 20250501.0000
GRCOF2    1   0 -6.912263762e-10 +0.000000000e+00 +4.4585e-11 +0.0000e+00 20250501.0000 20250601.0000
GRCOF2    1   1 +3.358146336e-11 +1.237924573e-10 +4.5296e-11 +5.0724e-11 20250501.0000 20250601.0000
GRCOF2    1   0 -9.425038097e-10 +0.000000000e+00 +4.4585e-11 +0.0000e+00 20250602.0000 20250701.0000
GRCOF2    1   1 -1.352289209e-10 +1.329411070e-10 +4.5296e-11 +5.0724e-11 20250602.0000 20250701.0000
GRCOF2    1   0 -1.029263008e-09 +0.000000000e+00 +4.4585e-11 +0.0000e+00 20250701.0000 20250801.0000
GRCOF2    1   1 -1.437716292e-10 +2.183323093e-10 +4.5296e-11 +5.0724e-11 20250701.0000 20250801.0000
GRCOF2    1   0 -1.164668343e-09 +0.000000000e+00 +4.4585e-11 +0.0000e+00 20250801.0000 20250901.0000
GRCOF2    1   1 -2.517246066e-10 +3.759601091e-10 +4.5296e-11 +5.0724e-11 20250801.0000 20250901.0000
GRCOF2    1   0 -1.274156133e-09 +0.000000000e+00 +4.4585e-11 +0.0000e+00 20250901.0000 20251001.0000
GRCOF2    1   1 -3.041867371e-10 +4.995485310e-10 +4.5296e-11 +5.0724e-11 20250901.0000 20251001.0000
GRCOF2    1   0 -1.163656807e-09 +0.000000000e+00 +4.4585e-11 +0.0000e+00 20251001.0000 20251101.0000
GRCOF2    1   1 -3.086596069e-10 +4.267249629e-10 +4.5296e-11 +5.0724e-11 20251001.0000 20251101.0000
GRCOF2    1   0 -1.071169102e-09 +0.000000000e+00 +4.4585e-11 +0.0000e+00 20251101.0000 20251201.0000
GRCOF2    1   1 -2.901413170e-10 +4.041144704e-10 +4.5296e-11 +5.0724e-11 20251101.0000 20251201.0000
GRCOF2    1   0 -1.024259451e-09 +0.000000000e+00 +4.4585e-11 +0.0000e+00 20251201.0000 20260101.0000
GRCOF2    1   1 -2.857496350e-10 +3.273469322e-10 +4.5296e-11 +5.0724e-11 20251201.0000 20260101.0000
GRCOF2    1   0 -8.396316948e-10 +0.000000000e+00 +4.4585e-11 +0.0000e+00 20260101.0000 20260201.0000
GRCOF2    1   1 -2.129995730e-10 +3.319555207e-10 +4.5296e-11 +5.0724e-11 20260101.0000 20260201.0000
GRCOF2    1   0 -8.730883780e-10 +0.000000000e+00 +4.4585e-11 +0.0000e+00 20260201.0000 20260301.0000
GRCOF2    1   1 -1.327127621e-10 +2.886745367e-10 +4.5296e-11 +5.0724e-11 20260201.0000 20260301.0000
GRCOF2    1   0 -8.367616632e-10 +0.000000000e+00 +4.4585e-11 +0.0000e+00 20260301.0000 20260401.0000
GRCOF2    1   1 -4.121082606e-11 +2.908190970e-10 +4.5296e-11 +5.0724e-11 20260301.0000 20260401.0000
GRCOF2    1   0 -7.396762542e-10 +0.000000000e+00 +4.4585e-11 +0.0000e+00 20260401.0000 20260501.0000
GRCOF2    1   1 +1.489559390e-10 +2.394137498e-10 +4.5296e-11 +5.0724e-11 20260401.0000 20260501.0000
