1.0000000000000000e+00
9.9556927762573388e-01
9.8676672677947530e-01
9.7370883055311830e-01
9.5656709226861025e-01
9.3556428158930782e-01
9.1096961072358928e-01
8.8309298691468496e-01
8.5227851288838419e-01
8.1889742581995184e-01
7.8334067709900668e-01
7.4601135946135066e-01
7.0731718499709950e-01
6.6766320752961228e-01
6.2744496657105564e-01
5.8704220842140931e-01
5.4681331409882539e-01
5.0709053490570932e-01
4.6817610584134084e-01
4.3033927605753386e-01
3.9381426534215141e-01
3.5879912731051233e-01
3.2545547452875295e-01
2.9390899893352573e-01
2.6425070318282606e-01
2.3653874528614902e-01
2.1080079011569780e-01
1.8703675709038392e-01
1.6522185317091859e-01
1.4530978388134472e-01
1.2723604184299100e-01
1.1092118165953033e-01
9.6274001277379576e-02
8.3194562510742975e-02
7.1576996638626655e-02
6.1312054276965407e-02
5.2289371599127873e-02
4.4399437003283915e-02
3.7535253178982875e-02
3.1593698974826633e-02
2.6476603373229171e-02
2.2091550179039510e-02
1.8352436743408349e-02
1.5179813250427141e-02
1.2501030919499573e-02
1.0250228082145884e-02
8.3681826631542104e-03
6.8020583254906897e-03
5.5050696218418467e-03
4.4360891163881420e-03
3.5592167709221543e-03
2.8433290768275742e-03
2.2616225898377303e-03
1.7911637866789170e-03
1.4124545970170960e-03
1.1090206204443093e-03
8.6702696212281730e-04
6.7492481954515562e-04
5.2313044474860352e-04
4.0373686489889043e-04
3.1025777543440124e-04
2.3740227074261710e-04
1.8087855845465260e-04
1.3722443624636442e-04
1.0366212919810524e-04
7.7974979385292967e-05
5.8403530558914046e-05
4.3558592050685840e-05
3.2349066726196323e-05
2.3922418529623246e-05
1.7615957017615850e-05
1.2917169028432810e-05
9.4317252724329448e-06
6.8577123805204061e-06
4.9651861793769308e-06
3.5798075174134678e-06
2.5701550566685055e-06
1.8374980596315935e-06
1.3082312730190776e-06
9.2746175681500175e-07
6.5484850942485961e-07
4.6032799407837715e-07
3.2239606593801429e-07
2.2463416272843582e-07
1.5618236693017174e-07
1.0768604314009067e-07
7.4593656644148104e-08
5.0508888599512969e-08
3.5430255651142614e-08
2.2723140719724259e-08
1.7408548539056954e-08
8.7621680814194009e-09
0.0000000000000000e+00
0.0000000000000000e+00
0.0000000000000000e+00
0.0000000000000000e+00
0.0000000000000000e+00
0.0000000000000000e+00
0.0000000000000000e+00
0.0000000000000000e+00
0.0000000000000000e+00
0.0000000000000000e+00
0.0000000000000000e+00
0.0000000000000000e+00
0.0000000000000000e+00
0.0000000000000000e+00
0.0000000000000000e+00
0.0000000000000000e+00
0.0000000000000000e+00
0.0000000000000000e+00
0.0000000000000000e+00
0.0000000000000000e+00
0.0000000000000000e+00
0.0000000000000000e+00
0.0000000000000000e+00
0.0000000000000000e+00
0.0000000000000000e+00
0.0000000000000000e+00
0.0000000000000000e+00
0.0000000000000000e+00
0.0000000000000000e+00
